208441
415854
874849
601204
503727
435158
597936
417268
977187
880211
844955
470890
820654
435675
934859
648802
568511
608921
966285
768703
265752
606357
756075
411312
419640
218317
362185
135192
651411
919900
462040
334141
917966
906266
440052
904052
712747
448257
223710
926555
155971
836765
187534
838373
918861
418518
818726
283492
630501
110936
677084
342104
297007
676619
616068
818651
842092
644921
863041
961949
265242
699488
941160
561244
667866
471951
189385
254653
670427
310346
565334
301710
368684
219954
154716
306485
751467
581311
167502
800065
768828
485953
138829
307781
632931
950475
419289
405185
744677
229241
769880
879854
507069
124894
594898
696130
488139
883570
865353
990191
898162
854129
345250
648088
747962
676522
259101
966793
412980
866862
331583
376176
685672
425261
642333
270521
911692
633558
500908
458175
399128
444252
615415
821734
976925
864471
883153
553550
698604
210271
832503
251610
868526
546509
831621
454074
748831
698091
200934
195110
576224
214893
310382
169665
806350
904556
570836
311611
632741
376492
280962
175168
981590
172356
695111
237170
426962
626989
838278
643382
886778
929141
570694
521079
919003
642758
997224
712747
575675
378942
950941
199945
497651
464316
591286
441622
150470
984376
977791
514920
864649
185870
699551
784929
915007
884777
459653
832986
282289
396668
147354
300564
310068
529825
530170
738844
578860
755412
363360
476272
448155
862906
881483
721779
440368
806751
467372
324366
364128
515069
657594
369918
405810
723109
473844
968500
558537
873405
330763
508421
990468
223628
409069
198741
157236
593906
196087
794573
141770
168277
241096
487475
429439
914936
563252
743574
381556
434252
563048
525482
988586
447802
510617
422760
753489
422989
530226
394166
831933
969232
361723
224864
882006
947590
836707
557516
236625
978716
640327
824008
404259
923649
925301
121034
830132
670786
222376
925532
469054
309947
527325
491837
109497
608593
829713
613818
518735
924596
214765
562387
906441
857501
976393
517012
158159
969497
765151
204571
245550
604430
533734
172424
558960
447415
363308
275883
949467
735121
544848
226346
764050
820840
652411
897758
531075
178583
558376
251920
494719
452545
203688
729492
845373
126207
816990
402821
752865
316611
371078
397436
518551
600896
929372
908767
547740
667916
611909
283283
375475
577625
835605
207673
267742
563748
430016
837649
961327
593871
496765
912709
472839
798586
850431
487322
717945
883144
973067
474352
887657
171258
533886
761376
966932
784401
861289
227558
654831
685051
312631
274454
434973
506902
223935
766908
947046
839036
135354
345587
152113
170201
845996
866446
793832
197584
250564
921329
762549
750445
256906
609332
339277
921481
468753
522251
331760
744438
892443
671705
781483
775601
700834
514696
979790
387109
473106
369746
651694
258523
539003
532646
932398
215708
471368
904068
650934
761845
207131
896309
767025
412379
325740
203961
234382
314599
527287
421125
279516
197534
586863
294743
999129
711190
307455
319610
284712
230646
633554
607953
103604
561832
669169
235372
439009
416199
123628
922032
204733
200075
170342
423280
966241
401083
167673
526594
617260
867230
588271
676015
266271
360760
563866
847153
308498
241256
843450
288260
125659
632358
470521
230970
279026
382434
926368
688406
913352
800803
986125
605106
298499
510051
277311
391936
727555
921679
491482
823051
211190
248607
186140
618371
455931
295945
240018
105137
368096
790140
569726
173699
460968
660675
767326
114796
267588
134245
853252
850491
125333
785726
128020
453219
596496
393137
839281
117895
335386
688195
440808
137409
295089
133105
657730
262871
770317
700408
566121
667519
707058
662102
374444
970538
425309
677098
469433
362396
423852
278537
848623
562756
786583
841062
337568
229191
863597
650005
881015
995719
619999
848399
770842
413570
219741
768643
894324
582777
168166
147873
583629
288069
499211
366198
205593
358655
558649
350466
407210
481234
878092
942276
213670
344330
293193
936946
476242
633368
911418
759965
311585
192673
435732
306413
551738
267770
488028
338689
928541
565125
639317
249179
394366
243314
759313
776806
526523
622493
555369
440973
339975
628482
956026
309510
623730
386075
765087
590193
844890
112548
849984
729588
642857
951144
139448
593496
472623
663334
643806
714406
366036
613384
421327
587423
655169
534642
892492
626316
454179
831398
189116
858810
724940
713252
613096
103889
467279
885188
435068
503098
439204
794481
216291
669863
640023
696120
545237
719819
559158
100010
930635
279750
101439
607278
448175
898547
754237
149640
462875
572412
394098
238353
946626
999266
246397
306615
317436
257280
294237
131692
783584
835695
354230
306887
746079
692435
906840
127152
981456
334922
279028
940505
299420
899431
734098
508694
753643
220228
549754
213173
612372
827250
745722
934084
496371
556343
683445
138775
748741
405843
824877
839838
387360
551720
988341
908242
771497
413682
446189
874907
206824
542402
539964
892925
594568
138748
368852
216497
582028
502852
454018
971935
889905
275651
212125
944346
346793
462179
986040
580138
829334
697687
226425
294323
748944
149102
329380
823359
475548
315983
124719
942850
567271
787605
248386
276169
895790
221637
201497
746333
880019
994999
117789
859055
362819
937791
254488
209347
877098
710862
853881
507578
968265
747941
975119
237579
916080
758493
525021
844524
369131
832774
389282
731883
994996
523098
292685
762277
202042
305105
689191
482295
466163
767866
103926
750244
530951
219338
357128
465554
401645
432157
986534
514015
110259
254139
259977
969337
684352
215026
163988
412310
459627
484432
854763
798050
269233
734576
528407
868794
183011
404644
547185
187973
621366
180468
183698
929512
422637
415880
399372
300679
878214
507735
925443
992351
863868
425983
917518
236503
723674
943660
630233
198514
926938
713460
830727
957683
854516
886383
897467
416590
208675
391996
557089
104572
676927
943461
609244
591461
551345
489876
652426
757426
740236
145508
255791
530157
254015
660235
441322
361089
820035
192973
682112
237645
700606
966881
747273
180720
671496
155446
256805
216939
308442
430099
908356
489117
566358
119261
555377
226237
679739
539494
381453
823974
860038
338648
955960
619387
914928
227907
299077
814834
566510
799626
386501
855911
392407
848333
111524
475712
428354
943695
670909
709953
637446
985573
457172
861653
911146
815765
365284
925546
641491
197466
851745
512993
104955
614839
625385
473747
306608
438033
361461
864369
110698
958513
733075
521628
112926
256166
876868
152149
645511
911789
853253
107760
694424
166996
376524
994019
746295
705354
357005
783251
161463
962323
745136
586188
150914
536723
915166
462981
236232
156601
697267
145213
730535
198673
159411
426105
941296
240376
485933
949989
718207
202832
394511
930828
496507
685375
692469
538610
452661
494584
398794
723526
407823
783878
193753
430998
877177
836854
329644
242414
463433
851899
917289
429776
408994
546004
411350
145331
462824
609652
265877
489830
627799
894117
308168
720932
441908
784084
380354
420146
605654
517945
326561
828010
603112
826591
802405
116790
956480
463592
426605
643250
891837
517807
412116
992379
696333
921244
346469
916637
695399
156308
498650
277387
803348
246200
486876
340617
698081
812737
961748
972334
413396
536096
663195
643296
745397
331325
363636
869344
449850
921028
367356
755367
500997
700383
368646
233542
387327
990118
137858
507053
888544
758427
606133
290241
692227
893034
723416
727821
814514
649629
512208
851361
895097
683709
893906
698020
440461
809995
287811
522167
629339
882676
464734
384694
511359
608332
404173
911108
591582
298739
589260
755674
206863
476960
824872
762472
691346
176382
804593
258954
901286
900174
299111
827888
452454
307271
601552
754541
824852
511118
909311
262099
321201
605955
309643
566616
953130
818607
489958
963890
718135
874937
361002
414267
930576
534671
611689
255818
959226
287367
479066
156677
536871
280602
779223
162791
609783
809898
845824
201941
961366
293419
933072
905670
869435
714407
867955
101351
571785
831520
832670
401054
178026
718775
482108
741852
149222
451918
965013
575727
139023
728212
691153
131222
171202
976484
260770
755546
872236
364447
968142
406661
232007
831266
174990
955497
112892
492476
692226
869132
676635
529816
282571
986822
606565
923076
887126
319589
975015
999271
857825
448394
509733
733739
398461
672611
534778
201790
441546
864724
436932
238802
623969
410495
470051
424760
246488
262614
257097
701958
762974
143048
936989
837876
424062
565675
465985
137584
562835
306304
101298
740773
815461
647840
587429
994198
468642
423061
251161
634136
369193
368189
666451
681135
775802
433740
860636
997594
886119
521864
797859
433745
755144
118321
536351
693195
668291
100295
141228
576580
765073
645832
108121
522714
118539
557426
559577
143903
532010
811843
650519
421108
796605
963601
410583
107305
591066
997418
996408
904445
449237
766810
688049
902229
208403
841177
264296
528286
871432
787757
502871
910193
220181
235107
319424
598785
618797
663859
580942
334840
942573
570659
833930
324160
327549
546093
780233
337217
830749
905204
601475
138675
111562
563471
696276
818848
555421
151598
909194
325385
249416
171991
290541
815484
241937
746066
965881
419280
774793
973597
527856
293933
469768
877067
417288
243959
205097
242490
314693
683274
246892
382788
800711
909293
791668
954078
962791
991617
224200
295932
760114
508973
362027
541204
767769
660742
712832
339517
386230
940773
404942
612994
610663
771500
344717
558129
762276
428306
472710
864277
442547
414594
449629
892651
780014
608426
269267
795178
256661
692448
113166
902114
226142
548316
814159
398205
804573
776371
238607
954076
290148
350300
235170
234799
906918
403902
421277
607008
682264
903303
923732
747160
646837
754285
694481
880455
396001
715278
267215
381475
625718
410676
724180
109319
337822
670955
567354
131149
301325
995455
278053
191854
573469
916851
106567
857006
729728
497216
294142
192182
858541
195852
808828
871891
556405
125789
872214
565251
973462
959532
867718
915221
538799
686171
845300
523912
222172
889031
484126
392785
791096
461989
435698
309141
468349
619586
258547
509324
626257
295120
261099
691204
779793
235814
356692
351042
121970
580432
930141
807429
186368
614248
439343
264143
511043
273688
675982
514544
948180
669115
372174
922940
540376
652086
133268
194681
838997
310852
144633
650866
819210
616997
739930
634351
578711
540008
923124
894670
141375
882820
788818
919285
515809
784299
123105
250461
789084
438825
111071
870203
309613
595185
366986
977469
243475
467118
603329
543339
173147
832647
208822
234075
857767
396168
823862
966404
864335
170755
263930
335094
499473
345529
859906
926965
411159
171428
489392
943263
521766
783795
209236
826050
955587
914637
722022
997193
647927
164937
921377
259652
452447
345308
136958
246126
454463
153215
544051
380622
949552
873762
193635
870050
317452
809213
599726
112527
698903
286170
271584
325550
423932
257935
791119
151774
966583
471214
470428
955514
497996
497545
133948
206956
625945
704474
797996
959522
598237
670000
720743
131105
878083
168374
697987
543593
376270
241744
262135
541244
825416
228008
108850
270329
632955
753524
923279
279703
715136
610565
845837
365238
715263
825432
659149
889364
988795
912266
456021
606513
389983
551961
875458
944197
864969
583466
578407
448804
720694
288912
657108
205994
943408
253444
683319
608092
297836
963203
370057
904539
822707
203544
922639
190671
214360
168316
997128
206487
167140
383977
168424
362579
903277
365106
396528
770416
895827
546835
159508
877377
767677
660791
769708
466963
536782
820161
345857
136719
399727
983728
427868
269684
479018
996235
802106
534091
519841
393159
278857
939818
809809
890206
946961
567128
117125
266871
279472
378001
786416
715324
913438
258089
979551
460125
740654
802302
908323
853366
199340
428913
412829
552147
210435
506801
952112
904654
858858
630415
114464
872421
847197
552759
209096
176572
810263
263939
641740
105017
660222
755426
750918
598110
664898
185692
608961
266942
382263
886193
311361
123575
624822
848605
350287
624649
743125
778308
552098
157096
272590
583338
956588
605707
816266
697624
720407
103632
184755
247339
499692
452673
860156
398019
141107
465799
762683
191144
131324
454172
850032
515267
785697
930972
564311
347979
602968
545128
132609
120575
777232
165015
759149
517606
856760
404318
767826
949326
748490
131836
700889
161659
821374
424334
520416
821724
322383
703597
319551
723649
145827
326407
986231
560321
748785
636609
602477
724143
947680
488793
869985
621436
440355
246824
306841
433088
250839
243716
873708
555910
337138
558279
903903
789950
725023
105398
184016
319679
101877
204193
676870
254886
242296
950132
147637
703549
571232
404919
789732
286483
773478
577930
961132
858368
920947
364974
826890
551104
831389
201258
848170
753445
654438
210518
560567
952960
667899
789198
502501
248190
554997
453604
596806
484986
566821
869002
875509
230070
996943
532191
210734
909914
626508
583644
828315
282252
222035
304811
641559
899454
873417
130842
983120
653110
377926
744961
990066
627816
546917
639627
610491
352495
518524
456848
833007
194660
476554
418800
677512
545817
247594
301850
558066
685623
590328
388206
271219
531995
887175
640432
528141
638666
606331
562419
121890
889762
622863
505687
279160
237178
480596
122919
457264
999614
479862
740362
529160
202093
614252
829610
386092
585707
362434
517537
736258
817224
758339
115796
944303
394264
412760
258578
900158
587421
959386
928002
109518
807123
149654
622413
608482
496181
459804
629371
315765
735415
751547
409222
445842
772297
991714
717775
730710
562880
787247
110079
335344
877833
700626
578139
421201
623094
209576
332738
175759
899705
636519
401596
524271
733484
299561
210920
621891
124969
183837
960671
825561
100927
709684
250896
229340
259754
480492
135796
316391
382089
990425
907213
163260
482718
643722
937227
403499
577365
536721
116298
469917
284167
989992
899969
945317
133019
217215
653581
742130
140441
383321
989435
341566
605658
845381
748181
658567
325018
534856
338206
153577
216871
739621
995810
533693
428558
290971
624950
516311
955345
356071
896069
160869
699665
328077
953414
121153
516538
719282
911250
521057
263645
337759
899870
742202
547839
663381
346785
810362
760779
237642
221202
509326
602705
491480
600604
791950
339373
988380
799782
726086
606821
878511
593466
114452
344779
899523
835349
213238
162787
420435
527620
303198
714801
546256
357871
790391
929835
118911
721347
835378
932249
653372
683632
262335
471448
474913
892450
635340
866994
366780
199700
303447
566725
321805
594837
733719
165567
228280
508758
667498
576557
655589
565069
928852
695695
496004
284974
733595
783452
121093
820133
729345
740271
764138
562707
732266
993624
315563
391112
248470
966837
333321
859353
775066
869035
974643
197066
318371
327161
191621
985576
384495
600114
819019
878983
406624
108694
398869
856443
859092
901101
616423
447275
946874
172471
480724
500258
572441
242611
925696
281207
466949
208894
970672
823554
981157
542568
286796
404635
251165
880506
205786
999433
551720
875760
623691
759548
763125
841080
705664
903889
344402
392398
396565
678395
963815
159014
789978
541105
743890
222993
599999
802023
740125
263275
386587
286395
856610
358961
362359
337124
187876
797401
594977
848017
868886
285425
763194
669330
740502
797432
512286
166895
991221
385330
854615
606050
727813
136294
143849
925171
933373
731526
807246
587291
991562
353956
164309
490450
581800
312503
650857
412860
961981
929680
573062
913296
644682
850312
598508
666927
617955
874608
259226
429778
430861
667438
438976
541990
203325
908568
615876
946946
806685
794179
584485
985019
919889
583315
965320
610708
672240
779832
980013
706521
860729
866914
109827
387944
381615
125863
538870
819643
691082
610539
223807
561627
546535
332793
499130
978862
109368
777387
811659
647267
912179
759244
626315
719107
875703
725817
758213
602036
135874
531322
945213
829322
285440
951130
183383
802051
461224
277546
355660
191071
993248
996449
713398
958158
698682
246377
127763
140335
516386
374344
726382
412218
112070
961973
358836
843057
243507
353484
465425
595170
667506
290885
510237
433064
193233
981855
235891
955989
949876
733771
613732
108221
619351
820782
810836
164931
109410
602575
426001
606497
863578
779465
929270
312503
359082
540230
696974
449576
755962
748034
896938
711865
863236
487685
361759
388204
199708
603144
197196
329358
964419
964008
372123
787080
442948
490584
784490
721415
705329
546858
231149
231523
424788
683057
720573
128471
700540
509051
560226
574178
114155
200458
144708
918392
194709
825329
190501
215514
823596
251525
435573
940350
471201
827113
906675
362737
848392
425920
696763
877283
632188
324365
180591
716784
367757
239891
311894
843438
757011
324553
275758
993128
694310
601709
698429
655037
418630
742099
569928
834644
572536
610361
322336
174591
555044
265716
253922
439725
409048
136618
786102
309165
840438
961818
977414
829366
614328
590575
197111
562073
976308
916435
310514
495152
606860
419926
339244
738122
103057
522431
703786
310146
729334
198800
448533
537076
830690
554874
680050
230290
580117
966112
368160
324964
844120
433143
504935
949348
858505
253015
153965
844646
302721
561221
200262
472104
902005
778119
908064
565614
383113
254156
561843
725887
990312
571711
388089
493080
248840
747259
483184
970028
888140
897305
859316
758364
868518
691895
700625
888146
726610
338150
983361
912522
891373
934319
228893
130798
436368
231196
929251
999272
959411
889471
274679
691661
626670
731732
675837
277328
562362
195423
841207
416844
828703
626338
456989
459930
442995
731930
404254
344036
937325
311821
673612
638232
191041
439433
824038
612611
975264
499303
680168
363211
854242
950198
184469
670233
569929
933876
999631
391778
246622
583145
247049
394252
530403
217920
755913
754481
361332
572410
952139
194897
962640
493943
709339
359305
873717
373839
798138
654163
734285
607055
767130
100289
221832
348937
940648
477125
378759
449883
404472
870839
497451
566492
856567
827286
846465
814180
440945
675879
955251
793608
549775
537342
189035
784523
380440
714675
718885
528089
919624
341681
519686
107142
161681
781594
725424
604090
104255
605360
477179
389388
520133
591673
854413
687222
684126
288598
286055
886232
831959
850735
291216
525776
794759
780024
978505
436347
103974
494877
524540
292354
919038
514353
885720
972984
424720
323463
486367
800014
650105
991943
662739
561727
749388
692417
223254
824643
343096
732975
601062
266929
290477
658228
803030
758753
964147
511104
137413
836926
329882
356409
813891
863000
421953
851287
101168
435907
766882
545828
287842
532062
278503
851309
673218
376524
255228
421516
445041
635976
421835
659885
857738
417224
946346
141023
657055
907466
148042
900588
300857
912568
163357
913902
531135
805741
886442
485750
190531
941827
883853
284759
386831
403463
332890
525062
666832
505829
324660
193114
347428
381447
984790
538358
746578
650427
965443
818614
889022
278623
152104
280263
463703
234918
212075
784023
469063
210304
331000
386854
379061
984294
217173
581823
329167
853037
764764
229191
373431
842235
308225
489682
830711
716463
661059
299379
655345
420168
384653
672507
917327
212133
676076
756570
926720
970640
929063
146668
667329
700356
699991
335937
124041
694521
476216
189001
465679
674153
498491
392711
257585
532719
525208
376459
943308
982121
769347
611340
292586
559985
307953
380236
547706
209692
667464
285370
526443
363617
819026
589459
393541
916795
201064
271412
682765
771943
840824
871402
654255
752141
793089
389435
534641
494552
439319
498656
759197
927306
156165
836604
490284
911325
833333
269793
105988
886855
748387
684803
800625
644294
759777
539308
549765
837131
414607
943918
699516
902088
671329
569546
336927
817796
227734
983443
214125
574939
667990
694875
484041
206952
796603
434804
347299
971217
875250
837621
220403
255986
744778
636989
239037
609724
617566
536231
579821
998336
676299
340996
494333
468034
287790
366926
836391
209448
371192
454569
206066
547707
814820
595968
845254
952462
898828
179460
272447
602702
147230
252344
229922
904183
764943
389215
399357
545767
733128
650133
814911
660779
415947
209429
965565
524397
757472
999841
220588
272965
928425
492325
666565
833440
388188
333028
639491
491237
296207
477733
970157
332787
872279
553104
909727
455881
527584
103048
542652
443794
557451
642321
299373
572845
497525
741268
189131
669795
664169
857853
846964
548744
517365
196656
329054
725669
578885
718940
529525
202015
493172
867873
241984
787484
743993
172001
868536
458467
874386
604912
937403
723913
941223
541491
908807
502855
293019
637560
559995
553426
862943
925082
398379
113197
106674
133201
552493
585549
418782
851687
829447
399233
862660
322619
416523
624136
900755
857613
265696
680151
273148
107732
564366
780124
676724
457075
428618
154498
528610
800811
741708
224541
497135
637147
276232
927849
945020
775946
750188
152727
290762
373811
695751
803656
737998
479352
355331
555097
488577
161522
993247
417060
374161
228384
942625
615051
882037
881198
868225
427275
290338
694584
390925
630867
871512
403739
683366
833670
972156
387141
847792
597800
231742
668356
762186
136409
875514
283927
681048
717340
754957
544270
646367
306677
940761
546381
573718
698952
166550
976806
548443
356739
868095
116895
868607
423385
148283
455673
234356
817353
164375
851400
483586
292309
210600
880383
533444
691412
527515
443972
883977
553835
689733
286038
903047
807289
253331
656071
199352
491414
157056
953039
313088
239274
947811
495950
966524
536060
307074
984330
770809
350727
950202
293469
989469
210812
187692
779038
726915
753799
483698
302886
245328
777881
631121
995282
295169
851318
163696
621467
916952
908238
539162
892768
551751
478462
100253
155279
267649
309903
552661
225614
528007
244708
626845
342637
115391
260759
697311
464744
827717
602091
853449
664843
408951
738086
294696
365124
412439
844220
981380
836212
686642
977079
934923
457739
639399
425921
180629
590151
806440
409278
787555
104404
791843
772027
393773
350553
178486
875915
298303
385076
372221
156318
510101
401522
101208
693384
428735
694707
791433
792144
898564
491737
946313
643207
870245
108113
167620
653413
564768
121600
320818
545656
216625
121887
917775
553103
418358
766419
873501
753511
381862
458157
437734
468872
154970
833532
878932
673315
280688
452122
889979
803919
806248
933559
439615
299952
642411
612377
640772
146124
189493
495258
979413
662608
465490
281459
808085
228448
647993
226760
287867
784546
113903
295828
144328
556140
588973
385215
858503
646693
302910
468387
971844
676245
986287
178958
546671
702691
832496
254738
532564
953486
237791
948831
475593
910861
968400
220046
227521
914751
321820
183044
831910
480518
524169
510866
824946
179656
239358
505039
351490
271702
772735
526080
907581
379871
513996
877307
202469
858664
223429
532679
477146
465225
766107
199929
858077
692087
916935
989253
323700
592142
145034
241876
237934
102812
801353
244203
785193
389531
279626
846399
305051
479657
177122
766539
748566
346073
242452
416002
673577
180482
235575
541724
975776
939623
563320
638392
614822
464922
439735
408424
787889
368105
976303
233559
177679
805243
796618
537313
688698
606705
914249
707239
771523
875321
911279
129702
116532
719988
882995
855475
101272
277927
530454
830763
565622
799736
991759
581559
346797
378199
783469
386026
613687
547618
557315
925726
281037
472954
335673
923101
689153
725673
455330
927539
435145
511524
336257
922739
498893
310313
718968
854235
428283
798917
569371
374218
347683
977520
383805
796122
856292
569744
818419
443550
275615
250280
176321
749772
314345
223226
423987
344910
603685
181000
294678
389073
801899
735315
849311
922545
134370
408489
723669
681204
481128
906040
567387
532492
908102
799118
934141
536282
302335
710350
299495
464895
743416
971018
381972
814792
924506
597113
372236
644760
900505
351599
646753
131672
666962
703001
853812
733254
810227
800371
897548
167867
747533
403772
621892
812339
837823
914196
523699
734360
446356
109426
122853
506246
628831
701159
313498
522245
133800
568990
433009
767238
689556
531953
278677
808279
453794
823838
159830
383632
404043
917919
458254
410875
477874
141491
676809
265915
576769
490054
134708
367241
796426
834145
619446
261126
308902
365011
967846
115100
858163
589350
574890
202566
241133
322442
366317
864098
579264
211652
330852
671837
534648
524809
115982
563275
114632
452028
203821
908429
386863
762950
504209
388916
855302
746016
603973
122346
241363
246816
825972
982457
560693
959860
382577
162444
704319
747763
519323
745633
668119
918868
430305
284006
861478
658147
874763
776495
329797
257642
914108
616850
764776
551690
347679
683772
331219
285980
165368
343564
877105
334952
796085
971963
506130
712252
416177
308064
641603
671715
460385
800961
301011
618053
413508
812216
144425
230560
978248
838826
246182
180398
407673
902330
134401
845385
338084
607505
836531
379329
272547
835759
950368
554902
506930
453746
445625
248354
773459
938549
512778
546890
655564
274272
855019
477903
498593
144007
978931
569855
962492
983437
647257
689499
773249
967012
372004
168138
350345
455066
694321
995834
230226
614082
220080
610753
883598
508054
334908
638000
494930
220042
821053
375788
257228
505314
211260
911322
400567
353752
992283
120775
299211
110830
984424
908922
173585
558009
479408
779486
329882
451332
120451
845106
727924
352373
612677
318081
965544
790188
890568
467064
312178
668214
347803
922046
898968
892814
138903
704354
682985
411361
290608
809313
637952
232991
872829
365030
535028
728747
775613
492316
854530
509036
662207
346329
480611
962195
522119
742423
456218
379915
927692
260550
110793
688806
162077
363550
344955
434075
163577
306947
521551
972116
415544
215837
986955
415556
981081
446810
537615
636028
558603
118790
511182
147295
471020
269731
762552
752396
345535
930834
909349
983725
810133
139527
442516
255357
218991
389104
798093
140544
830475
577667
217526
100659
374922
648899
131365
303061
597662
792563
374201
348537
837032
393690
568406
826679
529116
178017
817760
951528
186703
320537
509697
237691
208271
590368
125665
170348
896406
367720
433010
231994
163155
380197
714991
990216
152018
922122
801510
866968
621067
230643
742730
822507
883655
877678
256700
356436
393143
699273
932934
357925
114450
323799
424031
734368
808164
425882
296826
312796
591018
214232
684098
514305
563163
751674
622253
319762
620376
867520
487144
853574
235605
123595
993377
911173
423725
112751
758644
551306
677836
434322
204645
980861
685986
941519
450650
395742
789329
802784
342037
146699
867913
710298
502764
563953
781613
442932
435810
790829
962430
944659
431303
391302
719382
127481
602403
322479
374302
335709
561892
171304
463503
875375
419314
770271
961782
630879
652874
587729
812421
551162
202621
343986
129692
808719
460616
750308
355088
820786
487813
252619
232191
215365
798118
783174
518584
481927
199558
943403
533460
247928
469079
185574
533706
896801
909949
593234
968575
944414
367885
766077
946256
198344
359832
867222
596128
212037
153777
381046
517775
837498
440489
311611
987996
329289
379596
482417
795176
717304
255643
855226
955226
690195
317404
424240
192341
575894
371500
578754
805149
394169
823279
377557
578838
972969
426843
992153
571631
748477
654787
284046
376218
989609
466984
445370
517869
266892
903827
514397
872282
640289
677292
755595
992576
828329
279830
553101
218935
916309
814823
257516
343745
562664
126561
374008
768428
782889
306758
777375
294034
232066
280317
953275
848828
522340
913729
258423
230944
947537
215002
676111
724045
875644
510059
405172
352003
657898
118310
990981
775075
980134
555531
682065
420212
176862
577642
469782
726344
835731
395296
484829
581142
259215
575466
163640
541612
519289
527131
431303
425161
420956
681391
963691
243544
863982
617523
801704
270952
110406
998549
564742
615366
535523
129616
461685
488938
290403
398243
975276
150638
371755
878861
359701
359100
383842
554617
114921
721612
879577
476656
517236
524931
182607
237249
893340
725968
579790
652249
589994
830480
656869
624113
709833
494029
274639
972482
999119
847125
559241
871844
280392
591365
494508
410027
456900
979461
951568
852585
867227
741425
573174
840530
705572
691864
586052
820910
565716
216172
828952
184248
879015
330238
595593
814379
974055
431447
445259
659038
373180
984546
420176
697513
356899
472109
596640
156099
113011
632363
586052
951589
103073
177305
308515
373329
458200
531303
850689
250952
508688
746496
284686
212626
871040
580209
452017
105301
569199
165653
922827
652792
123819
321679
850331
366669
940050
689894
823112
591665
448250
740767
559489
225328
572343
578628
141039
631223
276073
185770
402873
847888
765953
861943
119755
147003
389158
248706
540527
152384
277603
767319
519267
515283
991040
267925
789862
222595
514997
253648
508956
198122
620960
941277
870508
514330
608401
955708
522703
721593
313534
860936
201342
464801
402689
667827
743007
875710
427710
630418
487002
920559
443477
331925
310584
919373
264931
754553
424330
524540
700401
745320
738556
667804
615246
277716
696244
243513
894405
860986
745206
561802
499593
872813
409723
566571
829066
463030
689669
861292
816310
995356
680841
635278
375961
674762
145696
360157
329045
605542
348880
680572
116501
299794
846991
446580
274281
662880
430441
593566
257487
505760
104936
888814
598204
698359
887974
394123
444453
268424
937199
412284
438909
848846
566829
350073
459705
671640
826008
839879
252637
583718
257212
370242
757725
236447
905554
501039
408142
108799
270687
699947
716539
877467
380542
531864
570092
136569
203407
970611
363712
545708
352666
269945
863235
260113
647622
230350
556541
157382
510891
637340
115032
778541
681501
136229
702143
911456
862820
253834
476371
460494
598092
235621
649497
727824
583151
176304
900718
975211
564043
995157
618418
204777
146506
725601
185493
313896
198047
894614
163350
426789
810587
125579
155657
599937
399540
515942
495907
842330
910714
183052
865504
949796
260821
891911
983759
516860
278774
504882
746748
781396
381448
294437
740797
525291
933652
409254
531138
688367
972851
600813
848498
481764
205410
335368
785633
390441
254914
142633
483493
158294
322846
398900
408659
388588
787737
803594
247120
608266
578862
174671
613679
679345
254546
524741
879737
802276
733235
129805
831959
569776
596652
881726
634787
723699
408329
771961
322731
702378
911225
134664
914159
420837
219725
898845
598451
148891
853401
343902
682530
269295
545849
257776
257882
602823
874283
905071
781986
561386
166759
966225
945935
744546
720310
336564
485125
841232
630144
990482
384702
529873
204700
297811
629511
975425
178237
899162
827094
430294
239827
556553
911965
696186
868589
604559
542692
840555
823937
430402
250458
838518
631039
129522
149245
416348
852413
905261
816452
777074
761225
817689
572500
772704
360811
579040
481668
866973
220324
890604
140521
389983
799013
747397
834736
801221
457497
157568
973750
367793
762929
401266
246070
183612
821155
423571
504806
567826
141105
599649
508370
917214
399308
699397
493769
264172
164142
145006
560120
109974
470736
632364
709804
503676
719497
640380
115507
703312
127938
684384
208842
442156
211999
967308
640453
649208
686394
460912
684795
943179
943975
772928
222528
572622
747103
762420
898819
144718
990056
221237
482640
964069
173904
170341
877542
982952
817831
484340
631448
245743
467486
510641
416109
433772
322211
208665
651432
424672
798794
647787
560346
535289
864714
443905
770385
705312
230954
456478
310176
582513
631379
339303
117899
734667
395004
624644
192356
684249
241021
765889
624141
603521
918874
436773
387372
553175
876268
106284
894635
908668
181730
111151
185637
447694
415599
160912
437410
272915
339034
712834
749253
404944
859993
501451
323277
705625
327324
602113
166479
447052
991057
911865
975647
598960
288399
973608
686673
737278
313901
562509
927375
734121
174647
344285
396687
394506
865408
947908
929190
432753
520303
572985
383929
832292
627378
749298
902423
698110
701678
318177
603745
538646
670835
656525
162649
824276
822528
899743
789015
782793
612318
319173
900567
257697
771466
166041
484164
158820
363999
774036
194761
904675
159870
685934
774348
888695
646470
894916
901046
359098
488299
589808
298913
479074
609981
753484
429755
395876
664038
267976
338773
751476
298037
489381
950472
561253
223707
232041
637125
375337
300243
562902
238021
846625
195667
543040
352819
162405
307272
985319
413406
132653
679489
312447
402511
123784
604364
689371
577875
331255
490886
856583
560459
263246
759982
849319
108872
116278
573598
388393
721302
462268
282208
773234
139709
528976
159286
596328
121086
695459
709623
705775
844979
492640
128764
128091
383014
752032
536655
285444
652232
904323
840585
271558
908336
122230
243057
494219
521787
763664
375650
912640
708558
230233
177434
805995
902544
948503
157353
483818
435972
345173
283101
925176
926987
774727
107103
159623
939863
110931
981044
578918
312084
888690
557836
595452
591012
875331
559166
563931
483682
381527
319251
287137
266563
923220
181749
945893
871867
447245
858530
950726
816557
456773
379464
266214
423368
453826
957674
400601
917477
529765
603457
986019
996402
162947
549379
618639
897552
924635
880275
118238
127982
395743
765935
482841
905051
446014
136714
799172
913138
529817
959207
815751
186789
278042
290867
476088
469065
166403
859850
503735
805701
405970
751347
494743
584680
706531
925773
966128
751879
939949
807253
661939
732498
813415
199102
228896
840462
910906
441071
773835
541509
163513
357208
425506
123898
567104
346221
751520
707620
363888
162428
915602
655341
975497
516606
330170
158686
297602
699647
291528
566592
613435
866067
112039
657267
448233
855008
498795
428816
784011
173581
589569
342557
862063
308019
626324
133657
633830
829109
699761
334528
165803
292946
626447
524151
261477
662216
530065
786898
745930
453654
694562
131765
719780
983365
253163
869091
391259
728111
581647
706966
598824
199167
728475
927574
596774
491025
176333
510325
597480
234264
122526
955242
561116
991949
447226
270567
148690
918218
983233
620976
252911
424158
845540
167214
577477
560661
443648
274224
378132
151945
445396
204285
232194
945576
956390
723911
264952
755173
846839
218828
619285
800924
853707
135744
416582
531193
926193
335362
603664
621345
518472
513616
455018
311838
415949
587939
777926
369351
782789
320901
469954
834636
474541
248770
387024
407264
663144
898565
759811
683737
821177
727216
360411
731261
881134
861352
465288
955119
830912
844641
752963
602581
210799
743880
306293
797453
267506
559333
174017
892029
402926
865640
994926
335763
572467
428165
200620
999496
604608
782503
918282
807512
949651
182594
429991
772724
579744
671888
644136
794246
803885
698951
967370
115552
148245
760651
980244
262317
596382
814089
973271
282090
110624
767167
519610
967700
618048
877781
287197
104242
447785
806483
525832
104667
126725
918509
429914
363008
859490
440534
519698
985923
139634
701288
252335
307167
266644
146676
895483
473131
222703
745061
307129
499568
300373
356905
680116
323199
270999
120569
603140
862303
998811
228191
195454
839269
202338
486850
919116
195333
372573
858517
957086
688481
371301
398478
823911
199589
485054
302645
717154
234070
855457
492424
457353
472662
484513
253000
801826
518870
254473
830906
765362
171458
342681
354184
763960
321015
575347
151533
768543
187866
418686
999781
921219
680379
584398
490566
749538
225098
276810
541118
428121
592634
887344
450241
422667
327114
998252
159713
146746
503016
207229
355059
384977
379604
519150
727090
770022
128456
530716
741399
272752
451566
460091
748226
557501
904517
351628
535360
159157
563155
103982
277321
920463
389839
414724
486792
986753
392451
427911
314394
171956
350683
827446
246620
368934
849908
639958
294012
680550
623092
913893
240568
249201
721751
524437
974628
503847
215691
195885
356984
113283
627722
139847
625473
439630
719654
257332
521945
575752
887527
282734
768539
715657
711454
801683
110312
298288
656594
413493
413991
628409
825547
286495
259708
556640
949488
373267
637095
409341
401124
335107
973008
610452
560874
998361
381536
452916
636889
478511
104927
478225
462855
367228
395228
987776
285968
114653
334918
227594
357011
170679
978991
504389
773371
239845
923488
679449
554079
407222
554499
418260
315045
773694
858443
279636
199579
962094
661692
552446
467132
477081
918004
245280
747030
466804
536979
571988
982403
545413
106129
609285
170079
242463
315423
903446
834140
839156
920387
664478
798216
715278
777970
830379
919812
287169
791710
769491
131982
990594
870922
838304
677455
786247
257462
938895
432521
987330
923884
422845
957792
415345
993529
978546
195757
766727
556382
627976
146511
253593
415583
748724
964552
848544
302559
838247
110154
915702
982995
585638
827377
852159
191332
998301
322598
839284
297133
978689
358918
750227
602440
324242
513400
397568
616205
160133
861915
914030
490113
923943
413738
973338
730345
958542
386680
296129
979144
536518
817747
661401
445337
551451
694083
263766
497135
794149
776809
159888
454347
446172
227038
771683
981989
479084
882694
620498
259529
296313
571391
283736
844418
711991
325192
437431
390680
355607
479134
880235
680138
699645
597728
860337
913723
771041
487095
261101
617638
135527
876819
238317
572972
494087
627085
648168
553981
876567
384407
601335
515767
790938
536147
833027
292812
406253
483880
433959
790359
365117
374919
926857
340090
425753
676217
182928
177294
343835
893640
122016
702950
667581
106484
285307
288102
371466
339144
788770
735821
709758
535402
706017
999826
102947
430094
118665
572564
613673
993100
189637
891026
576701
812559
337734
175590
922528
629872
619627
578860
974766
460493
812743
102483
663503
945750
556846
533015
993026
780877
863334
375440
538311
214225
186230
703701
297556
416402
126494
194920
744152
413007
592796
703770
994145
284513
339064
929352
957864
785776
706861
454401
721958
493540
662317
243679
957454
873499
357756
818922
219251
663045
429078
651116
460418
973610
491171
442423
483641
280316
679641
159596
213688
738209
368869
713234
817294
101041
887249
269391
481945
462106
915904
598311
366736
449581
100719
976399
476818
171262
907216
369262
915561
963933
662944
310734
185646
264623
940182
943177
628598
207033
402381
168959
758323
127564
491515
312632
688609
554443
103116
260789
642825
497973
789420
746830
662962
222333
242517
514705
483740
981379
336541
387644
738031
556584
318958
923172
384143
573978
903827
743541
549346
973951
606185
219302
178473
464593
656927
492245
750436
941926
501733
518341
566187
549735
493987
214896
571168
760012
346840
331577
474398
388763
582375
131713
152110
661430
138852
498711
758662
763545
238489
340273
658297
894216
412407
528323
554710
287398
223726
536934
986488
736038
969469
347848
992122
312543
454240
226155
659031
787352
768363
647977
472309
813814
461273
241228
975015
306451
111744
869294
323895
438869
767990
678277
119784
432514
357923
880449
721852
461132
614068
848713
429737
728196
720075
607381
599034
358215
613067
984302
655120
152819
120403
844277
597240
416527
870979
242333
711710
170703
740221
337850
368019
327269
318832
313461
749287
886324
746693
203826
515229
105471
968740
632524
713904
335222
670506
642255
220279
120280
806470
363667
651670
752526
544509
429901
613889
239189
842757
291072
556870
705086
313171
332625
210062
802003
838074
549041
241338
313737
870062
962197
531036
467352
312509
809047
819440
281657
133014
859726
974878
891847
425826
435025
630057
634441
834250
167485
421883
135748
459811
326738
515921
234294
443297
286461
715023
917229
864525
404755
308343
307264
530353
191914
791941
457275
328758
382719
224282
297593
706143
280425
922420
874686
872101
629044
174027
852288
999217
654898
568985
559844
627805
673792
381426
683031
479679
540925
260502
421438
531742
382207
658259
922598
960756
767989
132355
458893
932334
388190
984335
483413
449042
937144
157535
885405
906089
670934
293698
507131
533425
707351
257786
631356
471495
950676
909757
511283
211528
301301
868502
720433
792387
809847
954827
727806
558300
305017
408318
735648
248443
839659
476699
850187
206376
818007
701670
972224
316770
878778
278210
410798
526365
174717
819350
207951
480613
570732
633884
237951
907157
831696
685581
859315
777608
714014
219931
800001
405464
715331
983516
284611
495670
664068
186247
487311
336231
743692
828686
943398
554549
559515
855899
904084
726012
366747
668105
375878
867491
335416
456255
685044
593787
272811
770649
477712
400727
279286
222390
130961
819107
571732
121541
979049
542504
748316
492697
273442
631077
201734
398529
398817
166559
231417
976360
681740
922466
532659
811750
416856
303665
792612
719164
320382
282289
931181
215706
794438
755304
371720
434340
282766
845155
336342
664102
407469
482703
342819
410657
142729
782156
702891
805674
317452
175490
284251
448221
516161
210487
457546
692587
240332
584386
897294
150695
423998
871883
428073
820844
656524
593596
605664
230438
273743
253207
938776
509422
271798
187651
637687
316525
342328
867984
815629
271769
287521
873911
852261
232811
269577
619891
819985
550058
816760
377525
460744
314462
423034
246315
605704
114954
769019
984025
906630
793287
849139
578060
209358
232024
243174
976423
249529
351862
638185
383025
787579
781416
852546
783668
881606
337827
477216
784883
589115
483171
192075
478130
959381
650175
988703
643884
320987
337709
508488
444136
617884
511828
747997
470464
933433
974391
335443
847619
445763
910704
567991
912434
181941
929474
903920
742220
408648
387411
307852
874875
813673
598052
119000
230603
969077
382663
751799
727860
565815
879204
848911
829959
631077
213826
505701
363433
820038
799996
558281
578899
994977
445380
478811
854461
502982
808239
387442
509418
292927
570275
452632
135537
287155
867218
233983
687115
688556
937052
962896
627338
996940
867370
512805
180700
821395
492113
203336
597895
296216
402041
221082
679099
399322
409045
728802
410700
924138
511652
910307
265690
880512
735349
189484
621211
701352
929597
354945
972596
461720
838345
747480
452289
504653
932190
523673
466214
225261
275318
694531
533270
963159
351952
580993
153022
696224
911825
491597
510526
343841
542378
235744
751690
511888
225792
673935
614571
470295
493984
569793
532855
416356
400590
828440
576863
962865
185762
524916
478046
675844
351786
526890
587927
501312
131863
523838
858443
387397
509757
881559
995239
177914
109666
785126
278179
879653
133120
594268
947846
544320
603892
155109
194992
151564
184473
136352
446399
453163
394313
804994
489882
196756
410493
228933
601087
405946
421016
264851
742106
727684
250500
779168
739865
994758
338446
157118
386334
345266
205698
772531
191437
897326
927796
565480
327360
841969
443899
760797
806617
165415
989381
165727
643510
266199
881328
314207
225784
670944
548464
190437
679444
890214
340609
541934
508617
374101
143417
768321
498491
626697
341718
987512
668870
844213
465240
414760
417771
685539
629063
820219
240764
178736
445604
141610
791620
673630
924518
696189
650299
620668
926746
214949
745650
909103
833973
965213
309696
523350
760102
202763
289047
117897
746481
279432
300603
417923
492755
867174
167640
162693
261991
247754
905343
831398
334948
417241
992149
697199
736695
536964
764827
302288
448214
218438
413183
576624
819953
878002
491359
978934
352619
570340
110958
882698
773598
611974
179318
985003
274282
388063
180301
830603
910073
245972
119607
629756
282472
723072
303870
713588
983591
638193
569944
245549
306967
879431
718607
328999
925294
196419
835476
666872
251729
180949
329024
590393
328290
717772
807127
154629
320738
385503
829995
644780
931973
504490
472043
909996
688718
538240
175988
131955
480718
170222
922249
411422
710834
275430
105690
782958
649193
846674
596681
623608
825411
234605
271797
345684
457191
481973
849655
935562
534627
570940
446416
686943
826450
895793
429262
161079
329455
806311
923865
392710
341726
838338
339474
569651
474520
838743
235408
675990
552384
622172
715934
761377
370856
425589
600948
635961
607026
459819
137370
751449
724931
840725
662352
604951
331367
109733
100414
885745
767478
133190
257689
639387
147577
916800
528506
252454
678524
764726
886251
381429
464283
414819
535688
970612
111977
241063
794409
807650
646715
587470
315265
895513
627978
164860
734612
762363
333410
339195
438922
149009
670774
574303
715378
458849
240740
447780
323122
986480
186697
197987
581794
742314
464065
661893
950189
185062
478230
900234
862009
221162
514047
263150
558632
884162
849691
702442
611753
671401
234281
207883
248911
809945
564644
181175
815956
903234
190959
122815
381126
988042
691312
615855
981738
543593
547244
923059
181505
659168
966059
594199
729688
448084
892030
871442
866405
889196
831627
769172
349314
266030
620098
706637
222615
698676
237147
327009
399551
565307
672331
656371
327655
290450
404984
608418
257541
859616
447135
766486
229214
236542
489079
864472
464090
235665
805038
443769
302355
591315
531654
408470
938012
477427
375066
238228
121189
251893
333530
479123
692137
264738
657746
417500
950335
369297
730696
642649
804724
729061
336132
519461
543042
319305
178782
710242
647055
573376
807725
346935
739234
461608
929718
397045
156270
536681
964306
701439
945775
823567
552591
766490
185913
398606
446668
918811
291610
937211
344923
226820
533020
870283
977952
942869
849715
924057
908976
230170
865802
609550
853487
565717
458358
832126
673934
481581
963929
675247
732403
890289
219490
628298
950373
572258
182467
243631
767333
855119
881765
466157
911513
305267
605301
876458
793147
846498
567874
971209
824095
934339
171867
832822
385495
300992
835876
809893
600347
288720
530761
539069
531612
233466
279746
464347
641532
910553
754721
282915
875593
247004
899450
797969
136441
139235
817909
553545
392807
187915
870248
163531
551887
260679
615108
906864
785535
696057
340846
322746
934265
762969
743115
919403
546900
463277
511264
235226
799296
221884
637431
405181
102891
200171
115126
393349
201313
559433
578203
384074
427477
455371
941020
966534
783499
368963
183382
535958
807379
427448
450831
703686
703220
679054
923366
215443
775340
957685
956617
890108
883843
738433
318023
235494
740656
413171
502447
860286
844386
308412
707145
255983
711116
697009
479913
758913
562033
542806
879694
312763
429726
470592
171566
797402
515797
170185
891345
613984
983814
228139
263721
980845
398571
297825
681879
582204
291800
505957
151679
294905
690840
514338
937108
245741
792601
190522
559355
392046
330974
776498
541334
733754
993137
721967
285286
402629
292470
133222
377852
559675
932463
304609
967451
557405
547380
407994
277483
883618
448171
113415
767367
944481
299045
132687
129799
759146
897062
870863
380023
806173
412631
998802
115056
854403
782445
787090
630378
616722
475934
281619
419040
738991
761448
136532
879349
495702
615844
896448
522679
115853
102135
339642
258993
235730
680611
441990
409466
614376
207998
453787
994778
885956
505292
587704
519853
874970
681138
211407
655745
453526
646967
677709
739944
501856
785487
371394
844698
940035
206034
875213
198081
852959
280714
667436
501930
411084
809268
193175
260215
692089
673605
300732
908680
911440
460483
231366
922315
944685
385246
575263
678714
540908
624872
902611
194924
500985
194786
578129
914282
980884
476735
227671
548882
352966
228405
296055
361949
145788
931990
376180
686852
471825
863963
584638
164143
710994
808837
760589
275575
344340
396533
337772
170594
388698
180318
955030
976609
565578
950364
904004
812529
241984
505291
895668
208805
858494
627097
780647
946175
546069
800598
847741
335518
152150
766300
842459
282646
624535
497441
171446
116679
699247
925405
458560
635049
601650
165194
907809
245871
284170
319552
605619
410554
501262
521123
923581
531666
624146
200816
224424
596227
531002
190649
546478
828375
728345
319589
452058
562129
104906
194495
495017
553612
749227
835679
275137
353731
610040
432508
412218
557679
353828
198526
740686
633880
735924
861084
621072
126870
427870
864501
154061
116678
234260
241790
935295
422756
440670
332659
382176
751710
405871
729969
244373
310338
664672
145889
264022
280315
711406
428520
328546
874685
596647
745049
935307
978186
576036
873476
935868
255703
996845
479923
449880
149023
649325
371385
582019
212505
268936
318587
291316
684092
421625
295494
574408
965412
914849
610621
272493
921279
760003
267201
186092
247340
339046
853677
828663
418497
416392
149036
961137
694910
763549
391229
590832
562775
599428
837478
502033
940599
198510
577801
749687
446079
869707
529830
231660
104601
161632
427612
591463
133023
443617
223219
410019
217468
193370
434635
711936
214420
800693
585720
471421
828765
288703
613892
343094
485612
745279
344470
413561
876950
133464
317925
716724
248766
599914
751418
121365
188246
469280
494508
993326
986188
387656
694904
721650
754592
844257
731100
479797
117412
568589
720152
315212
111001
472210
935245
884779
934152
380902
241055
144472
469108
632727
149857
828655
482930
764052
942335
982038
158831
484968
421034
170325
588203
684104
936281
994175
114010
201030
668680
865101
817993
148009
148386
392232
419746
913709
730131
842806
388280
240850
930894
585999
450530
542049
452747
427634
995001
332126
724420
181817
892592
543658
126310
838055
891504
303131
823289
160511
604156
537750
524835
187576
685129
308941
981817
581078
252466
820116
618481
276134
230534
184364
676012
489238
574777
330705
649524
841532
372518
705800
192482
901730
861659
689386
854889
533453
142380
333699
524633
969649
662047
763187
133836
537782
121015
853838
545864
812640
586565
554982
465148
747046
975385
242155
574293
343297
349812
334465
265247
509355
703189
888534
278137
651199
209904
645350
605051
103611
321288
580754
401559
494130
131068
535727
138599
869147
744893
795986
974996
294821
707155
544370
461842
757252
753792
328491
859883
417125
602115
260066
769992
125303
880646
834241
881296
539891
266535
788472
261532
760029
872805
158701
985500
766452
424804
332589
650495
734857
140138
478547
223282
492902
709588
158641
903888
737038
742655
186047
343724
345498
657475
225055
622371
628024
486058
589725
519264
308761
577802
484923
681913
221111
624356
778769
359824
325224
622540
214172
382874
356617
233701
118445
154963
928378
456245
112861
540995
837396
798825
551682
939111
130664
366880
789070
893464
919865
265281
378551
573632
110914
755227
658369
291147
352993
157257
413140
259593
151890
722455
568579
836851
255916
677096
994473
826869
125103
380485
949342
539120
804073
894190
579453
487548
400082
430872
636523
973885
401119
126578
562277
729277
106959
100493
247601
694461
544445
965593
357990
550761
776120
646208
321136
779546
333072
390515
852508
968355
844314
377618
761349
267197
256089
883349
937518
178703
141618
792731
158881
208433
647325
126294
432003
443198
417163
978098
156846
117856
610937
595478
858640
821300
726294
363432
347074
536319
119964
520990
107516
374697
416870
693654
307529
448554
890660
123821
162653
901712
616765
163955
391299
643685
380041
972138
545343
940520
152832
570340
373251
898539
752038
349318
427656
300841
917244
919080
635254
100731
707950
446610
650256
733636
342252
900793
442203
297474
763712
770562
145103
542686
578660
477143
504773
582585
424201
402082
731074
654283
691640
654742
982466
335574
153313
677702
908577
703421
409746
635780
562132
230213
874296
244092
707714
625159
406852
907905
192783
849822
192116
786552
641461
309745
661898
896529
956850
681654
400640
146666
643269
508475
991685
905893
304840
548368
914082
903059
679504
575670
368826
277959
614249
704015
580727
311327
954430
397404
365819
365237
350501
395446
812189
708889
950945
619444
969990
953900
274928
860976
778252
837518
412171
238904
755637
759757
603680
636015
143781
935605
731669
530659
274010
101830
848594
267328
612801
336892
749626
602654
988813
534323
752027
432924
308265
824057
862197
190814
924824
957855
486639
695339
149252
303754
894186
431142
376252
176843
559959
631937
426419
948539
151667
980309
827796
936774
933796
769213
888492
183630
227500
235070
691249
528115
792000
516888
543379
157449
182410
773337
561733
377957
825682
283793
549780
687318
573784
580121
565715
800758
563751
784675
929311
175640
821502
808194
504370
581085
242629
128492
680156
659470
501291
133089
491063
636113
612575
780372
855526
327475
444654
302343
512067
307915
634675
326268
680145
947285
284224
183366
377893
741974
611530
520969
420070
978899
231484
122203
644837
770562
295747
759193
492193
778126
710295
563610
916481
445367
939333
810731
187704
280496
241126
526091
624970
468555
250253
667305
492995
574810
531994
532617
549307
980534
413103
564087
728911
905430
288516
179452
913581
297999
712391
721586
378146
387304
654913
783278
279654
350618
527911
717148
508976
491062
786161
103719
896670
189907
164213
297921
807731
543286
331729
403445
126032
758448
459311
532514
726522
793894
846003
432975
695331
235433
529200
420959
704488
931692
832996
141284
373213
816145
621681
329813
346565
311576
934174
768796
255916
896318
393218
147847
997579
771394
129059
214152
748302
640620
459207
783030
450827
408452
247711
580258
575757
866627
663820
406545
558855
361622
197772
996859
608153
637290
750737
992869
237811
514006
828338
342423
924448
472740
740991
381320
339593
991219
439314
800101
642856
194413
182360
861425
213098
823239
202533
157173
448615
138020
121165
225988
514171
509177
698622
963786
127629
478237
263362
355142
661619
785864
628837
348563
188569
983282
788009
829328
703424
424428
167704
455885
616403
553994
988739
986157
810268
894197
225703
403688
877632
880961
674824
734431
991959
696451
581572
645541
114024
486639
962655
982577
324115
476541
713504
681952
421753
675694
119381
395575
747369
318981
909137
770532
371735
389671
788427
685804
184593
182856
944064
419198
115309
950976
528345
370658
595141
739318
849960
775347
490178
704837
754085
425591
399324
766120
837278
251542
521973
187509
930334
947339
526728
988274
891734
238581
752790
646137
397946
683613
404962
678095
403689
985453
667241
887542
801492
468471
531684
284818
711230
197575
137282
807052
169152
272178
941009
650364
459424
159398
799361
351418
523771
378565
684378
533290
870362
958183
902294
511879
957342
774506
858119
116392
767470
933304
816946
346064
208802
790942
891812
988468
637300
119989
703503
248411
400438
555187
478931
293891
502038
934462
428375
175944
256903
149950
950659
385334
690188
116989
117368
311204
843637
943069
583142
751922
326326
308332
791577
628970
865182
767959
384429
874567
199320
790394
839649
115280
191560
692999
857363
513672
569599
793792
616357
386914
104246
281502
950443
615756
596775
884157
302006
111350
440391
874030
425985
435318
530400
336613
508786
561731
112084
286488
511801
413927
339863
165943
378327
912349
387522
912435
114650
959830
892595
966865
775324
364300
346233
447482
521399
521098
714200
139431
915731
633821
452130
588732
854385
405169
919428
556461
824049
995391
877275
765371
825963
662717
123721
571875
126303
384028
344213
658358
786786
367387
110825
903372
422505
521871
704078
644107
241779
642334
310556
260100
561163
667230
438389
798299
887712
220976
643775
400815
713932
659310
787360
955692
393617
437474
869941
668846
986038
998776
257583
683128
710066
105584
776245
742904
543134
207035
604844
965029
770029
461323
717789
863467
559349
900434
303704
287588
939432
254839
373885
393851
717463
516280
667026
107306
706640
738501
958254
249954
211540
463247
415031
908174
211619
569836
479080
398364
193181
456424
367291
293668
389532
357072
588912
260306
992881
323756
665207
336090
504952
490888
189528
759242
415475
394392
586915
615600
371833
556368
610755
595831
224735
151050
397889
868982
365469
564874
877816
373239
360375
467853
873052
419324
427890
482673
457800
182691
451345
625597
765326
480989
616856
793570
802962
962530
158407
261998
787272
399431
920962
258305
672950
108543
713746
180230
322394
184759
979982
634728
465527
804559
487071
400191
704358
949813
231951
860645
207629
463490
576306
261503
480013
606477
719495
196434
433984
186858
674468
336114
195991
786455
388527
516442
591672
569564
523617
928413
237122
436077
280795
306752
644209
826889
848458
182692
733251
126983
781944
813532
700293
913450
196799
839100
706630
776766
621502
969770
283594
657202
639956
756702
244827
615018
900038
813628
238143
185673
916435
587825
896247
810851
976341
311635
848954
804267
222907
949406
657325
954014
217720
469249
345308
824742
890002
158079
861013
763280
158397
363373
942710
756610
685467
424606
417285
940857
440805
330098
132266
201469
880922
615542
800951
500679
338639
372057
218838
219403
684461
973452
518631
590203
258773
754802
280022
203155
609135
112286
631648
172075
494493
876252
388687
748575
999473
977471
292116
721895
365151
962864
801570
791921
100247
312125
375984
224219
426882
242404
913948
893314
820720
282501
482770
109799
835832
781735
854207
136199
677208
293975
348395
874810
815336
699026
322464
404283
593816
182885
409510
670836
120940
705605
682566
683937
220885
860780
624377
302767
105882
587433
794163
773666
775960
329141
712245
543705
506536
283526
789802
796929
728061
559040
332447
679271
900230
604305
246159
144784
331196
967490
173899
855064
722427
616737
774417
949348
797771
358553
119536
239623
341618
636684
404033
222561
995438
402084
909193
633339
638947
518193
112172
666407
492194
709936
314729
607825
147146
407347
314830
368178
104937
677029
268127
414879
550790
419535
373611
680007
969330
761355
923748
614955
631867
452356
882542
500766
330933
920429
352063
554632
339502
699592
930720
715439
686280
530105
260211
214204
676399
763295
433678
514192
669045
686732
979402
921027
644007
831648
205126
468937
442791
105218
719207
396584
212078
663871
360296
128108
840028
285783
217247
420776
990557
271461
384208
855045
311853
969771
605728
893998
403073
803967
493966
633245
752098
373081
341126
857853
295817
831969
125013
116855
721001
179243
212601
974614
233756
620093
458815
394859
552902
792890
604646
793447
556272
589707
637142
526258
675622
672528
455053
654989
172329
187546
806496
496755
610040
609087
852714
929275
854101
612065
465552
564358
767130
439150
207401
675249
343388
209343
917127
188377
313524
997171
207362
533987
327305
847461
387360
510059
587043
691940
209097
548123
441073
774938
536878
174796
673634
703274
385703
870333
938434
874950
861022
570019
625770
800329
621853
125512
855863
836941
950583
116518
263581
598031
594636
244317
955534
971952
469368
510718
229826
875626
603585
502348
225278
141731
283016
675740
562511
708142
604583
789117
281357
437618
583484
690024
371753
770955
651527
419785
196718
578103
509719
999284
986878
398958
911490
514798
961694
113564
919019
356820
554838
555173
679761
328625
614171
648571
174604
895605
929503
995508
619480
292883
758773
911053
976238
798021
450912
671685
589075
940394
235265
816638
923886
938412
326784
717776
807040
111990
117637
468611
977346
722867
161349
946529
674401
761355
798661
549092
125427
667489
229806
990504
610715
514065
742473
410910
806438
119869
379442
274469
611642
911202
301243
347349
509478
832058
344943
984365
884813
271971
615552
207050
218893
843528
313622
948533
398182
961417
287462
622432
856360
516048
644164
777677
874307
812806
656570
434695
361742
767295
252515
853609
800911
149369
427324
194185
823043
890925
840123
181330
249297
972582
453551
810355
779087
386974
689945
652672
559084
350123
689746
114308
334909
550710
541498
923496
848190
696401
719534
618673
430329
470345
332062
816338
127886
218016
858905
847131
239122
159081
489618
281789
355283
304356
907252
736387
634139
827134
173585
246093
383950
980621
427155
273941
557393
135248
960087
305779
258358
518804
164278
946470
199743
584505
166963
614767
446373
594892
406790
209600
172453
679422
755263
905198
694818
708545
657332
721614
455853
685999
517774
743473
726817
369502
420006
878516
711041
744308
990610
235497
299657
891835
662831
602648
488024
883549
796116
558849
175053
878200
815634
647330
817544
368264
875501
424328
767987
295596
611841
856737
151002
162239
575889
416303
567718
409334
111579
499122
195622
451635
750483
920239
299887
214091
747364
879425
378375
541274
647614
707738
192500
542025
498669
121848
553353
373009
218464
237186
571996
573209
391589
716635
149530
773197
597940
483622
179675
215948
731794
688604
397134
240383
395723
741531
535175
363470
989412
647114
921772
969471
304867
751900
883301
507422
967219
207526
275566
523562
964467
409486
125195
332546
434986
213918
645300
668880
810284
215937
893164
749786
376869
719983
794581
902518
271798
430610
274911
258928
185186
955456
460485
693329
791517
227507
765709
673005
797637
706683
597058
471970
558746
193326
427828
934401
241907
291985
331200
688596
781462
830913
527075
651067
231177
964081
873967
337509
710747
522788
880135
234279
124774
346847
751528
420488
807667
561143
568713
505135
639323
700420
987758
180499
710025
944637
162300
422261
631325
391041
443182
368402
136789
154374
831504
577363
682961
984479
680936
628832
978193
844268
333224
444389
555773
257757
332450
829271
631425
245364
145559
519556
823988
385475
751517
689243
168799
207283
138547
667305
439776
570026
423958
711077
635954
606200
800418
685191
395449
245405
562500
915939
845308
964506
521692
693950
602155
807276
989122
937021
927634
288099
899873
695534
808933
743884
432338
484415
803873
798662
398046
255002
642488
663498
299535
949698
568727
367925
417841
555951
197644
329428
524646
182749
375659
565548
937338
307248
378271
774530
563465
637806
652921
651780
637373
695915
895667
654297
667740
933327
895012
936602
442206
688080
264446
893576
554803
527412
695120
962834
429047
614729
610643
274200
375445
593197
156712
954708
399009
471027
525442
967020
217389
531676
485375
164851
744008
992856
355950
792106
294445
325810
654542
364768
746328
748978
233676
858441
391139
626856
877527
339699
334559
464521
284425
412305
729381
416450
890899
140730
309511
444685
823540
222405
450740
216705
496075
643901
729228
450683
957543
633411
482738
488972
687324
523117
234375
398868
612856
625209
396522
379330
679488
131297
666023
434445
389248
377862
381498
920574
374875
874647
121862
759905
138674
617607
349387
184363
224728
941882
632915
560147
117059
918912
919542
416496
173521
806787
434114
945540
614603
356851
566158
608770
272365
237735
976575
250648
124725
718257
937743
820799
524494
931482
910527
746129
721551
347162
693272
736036
672263
537094
711165
666324
336068
760173
722821
626029
469285
264863
902855
313045
856680
321744
778880
734515
206844
491565
836705
100768
910387
431894
546796
197747
552947
140439
950604
160223
771109
306287
359500
963488
194080
715720
400894
745857
286915
642121
323192
204124
551172
655195
985396
353586
656607
868145
764858
541194
145084
388183
175993
648187
761624
577861
859410
253877
965440
838640
676745
543665
222143
545302
804653
102897
353767
828472
908737
251703
665404
621174
634647
159703
489852
599585
391100
281144
942220
296418
184367
122224
224271
338233
402877
191612
662133
657106
156269
718118
225582
533134
966355
173586
323276
969242
765248
854815
716680
615390
273120
637447
458894
767892
761112
850986
220286
154004
762053
909500
732929
474536
474550
304478
989342
549023
381918
282610
888421
440607
698525
440654
762287
420848
953422
266490
734246
201514
609461
718772
553831
953124
444053
228887
300856
736894
770815
490776
333823
856719
956387
360273
568104
408654
961332
532548
719864
904436
474719
930694
691229
807877
346311
147869
546671
823562
298378
381569
261575
800076
357522
708507
743323
595007
536307
623899
553817
996897
920706
407070
337903
286720
897073
490469
457371
888915
675898
307842
657920
514077
198443
401868
353204
500140
270807
429474
381157
177499
487493
242530
735690
889064
179772
554627
581492
232728
574925
736584
152106
138788
233961
398984
127025
627216
320794
684762
908166
931135
380542
745747
390129
960999
491276
797770
490841
253084
922932
750813
567311
341659
778781
857119
787629
780962
391751
423091
235682
609474
839802
303315
364524
949892
956644
518650
383718
173143
898373
487241
169789
186132
387330
393333
408114
390194
277505
810625
467308
119559
646890
133449
541399
321036
213404
577413
575638
159866
103863
755553
588294
917177
627073
455484
577728
548777
296312
650556
904834
586329
776215
280163
935395
408478
555244
587997
303338
325354
640840
691603
452538
889209
423036
928305
234592
443209
506931
361066
277532
876157
884598
738740
633042
733463
491167
940272
944860
948213
210751
451659
782514
874286
417359
984755
525283
778205
202615
605036
134255
187269
838326
481342
748611
706574
789951
977442
942345
416030
755360
857115
471261
950863
485013
242254
520769
754058
717969
755175
132202
503385
362634
160747
728617
389641
440370
489969
822150
180580
209836
577839
976199
499386
128907
925162
801673
680268
327367
291205
123229
111000
908489
108450
780743
101822
584717
543993
356871
723127
407318
424070
197983
160153
662821
446737
437175
847271
376969
621775
682384
883801
542326
828940
942595
835997
414362
474464
145042
416682
907868
296339
857656
302513
142698
701039
142711
382471
949648
755523
300376
100768
512491
188350
617983
162680
228348
350156
340132
907105
435139
647864
580190
926149
147714
893807
383824
592058
290543
685959
947137
887972
128304
335706
123956
151584
992567
876045
900049
907110
289561
828406
616269
828487
676206
820334
375006
615508
129687
729153
520574
565198
584767
505247
986078
794407
745942
362892
587232
341800
129653
972195
678239
986779
132949
170810
502985
600750
335837
218313
957816
941654
181444
903468
149102
800771
244970
262013
636116
803527
673770
714185
270981
139928
251066
585138
271043
965189
106630
639102
569961
965690
574545
918773
577679
732643
701047
252989
587270
478940
384724
541684
613043
559565
934742
270708
161140
948519
188275
713162
790619
465467
127680
100438
796765
767586
399484
195964
115506
607933
440199
259226
421015
749826
439094
552413
808577
672659
736637
190627
350104
293547
524204
384456
614390
656707
992886
866298
450812
769283
607122
746064
658519
734800
452224
735260
277707
397109
236304
765799
780396
384320
287844
689145
102392
550302
986376
544349
534407
931274
882040
466600
574570
749788
151488
654012
822868
204346
358316
898700
791013
875786
775562
245973
845378
806224
510130
297908
203226
426880
368040
896847
352192
233843
762314
533907
431373
845809
288874
179377
808285
987832
983185
586747
268613
744304
640252
262091
277328
149321
911659
960228
987157
656909
142363
416230
742272
314675
140563
535877
192841
691787
402461
103930
651730
947958
592260
762648
292493
789314
672313
736734
655399
722294
367665
423428
319072
860786
168702
456312
802582
216418
752206
524153
982726
271499
782138
700751
676473
969063
235187
125484
968176
635032
983522
342344
803880
520703
346150
574650
356335
215392
635128
894174
910668
716623
674578
953344
127580
663010
930625
886287
511919
530648
456107
362935
687145
843675
371441
830124
916452
497758
400105
940839
522627
745747
157480
955068
411230
865591
652265
452767
324909
152542
700335
340189
697842
174701
644406
127941
470107
987111
950421
562299
517193
259246
253367
471043
292744
786172
961053
458132
783906
951944
219032
191050
297821
864928
695838
749205
894796
262552
392362
119694
280774
608804
961962
494986
286697
148720
482543
156120
553214
770595
900286
684864
647252
100454
772420
964318
487728
979792
174671
974111
640856
486853
751863
803954
135334
274155
416621
772528
344202
573137
320304
103874
466520
919466
751755
197974
806297
212365
348957
196852
111495
552578
667522
240376
907886
629181
141149
565598
735585
893910
846779
554988
103769
509511
650110
476546
163880
720718
151784
705800
663676
718797
738378
960732
935925
827663
528838
773135
657739
405954
180877
697839
126780
884070
481214
742179
417171
346536
485495
810169
101328
930577
424190
960218
470921
505644
728926
228633
571130
241745
607730
166773
126579
900713
117741
240000
684107
985973
337398
120159
191378
906837
152706
277308
128360
301863
721879
887682
495582
704406
183039
565817
296851
406373
666921
666384
838325
849342
352008
922795
138818
121959
412395
470832
749235
536966
750980
937814
395631
156836
581376
712209
687948
528123
140365
591948
471417
886990
339182
288354
384323
654651
697224
452019
986209
259906
170980
232619
678918
872197
676213
928452
685411
139783
950712
268030
293502
834870
393420
220541
948011
830592
503154
293503
192416
575631
794498
261044
279274
999041
900192
928952
182402
111559
405786
398403
994447
156140
142286
451377
802271
189297
595456
478322
594729
599102
591445
307470
910186
349850
281619
106687
928114
195280
603431
704079
321722
689941
570271
570154
320822
296822
752493
323407
832134
749297
505168
746017
737871
207765
476410
329468
898851
308981
340942
890616
900899
461286
451773
802828
923568
520637
882418
652876
165443
502972
856308
744777
100396
968023
814545
486890
417870
785190
997854
555973
447137
811446
973343
846835
361425
922336
460479
328264
128310
499792
102285
820210
103231
583215
435854
945175
253639
597358
144160
275730
408206
687137
598792
310062
399194
534594
774382
705155
427023
776107
554239
546378
661082
174989
954229
821508
208174
844004
392238
328700
655554
434800
908947
322713
822708
671540
323975
357853
922704
632032
831360
217826
914628
769598
188672
245477
643432
887345
164761
750512
568032
147208
473239
230255
144917
665130
952459
405952
290885
542556
708485
251902
230750
831692
803534
338594
592024
468557
727631
914005
609533
904634
538096
616483
327545
420443
611512
154882
863386
870494
585153
166939
477703
121637
927096
712559
835213
905698
904051
282932
502194
339847
886459
298597
437413
407369
378139
990258
824884
559341
369499
717854
745960
704073
995750
771547
306229
689968
206203
690702
858665
863460
518157
815515
791707
932550
836831
281831
553234
546634
361588
765959
396650
233960
715821
262459
940932
222051
507066
160272
721952
519089
202138
744878
908864
497079
578414
551027
868026
184645
581558
840073
826565
990420
112760
317468
183210
920408
520722
717981
420051
658489
899340
939377
802203
430859
159681
949679
131454
119865
494875
843393
652378
193569
957541
754423
681306
461761
655015
192048
292399
218777
961765
962623
668878
632774
570139
568967
788387
754649
268039
669633
996586
693579
461883
166482
316452
893769
691768
776109
486167
137286
447515
223004
682432
659043
350265
653846
490216
211837
205105
378383
656229
697641
497290
787788
925765
170767
556791
591846
238142
151260
866737
710054
126239
584261
377830
732303
923052
721621
570810
617506
582147
524029
194845
181176
899147
151321
774218
517787
413206
280634
594025
778719
768729
